ASGN 96.67 95.66 91.88 93.84 95.38 93.58 84.73 86.04 84.78 85.01 81.78 
HAIN 19.15 18.61 18.21 18.89 19 19.65 19.26 20.24 21.01 20.42 20.77 
MDXG 2.93 2.91 2.99 2.96 3.02 2.76 2.91 2.96 3.06 3.05 2.9 
ADSK 232.3 221.14 214.68 210.37 206.5 208.9 197.07 200.66 195.35 195.18 201.95 
KDP 36.8619 37.1981 38.0089 38.1176 38.3253 37.6826 39.1064 38.4044 37.4156 36.5652 35.883 
KFY 56.5582 56.429 55.1468 54.4311 53.626 50.7136 50.7036 51.3 51.1807 50.8825 48.8349 
JOBY 4.54 4.59 4.7 4.82 4.73 4.53 4.43 4.58 4.32 4.19 3.9 
JCI 57.0212 58.0295 57.1793 57.3375 56.4577 59.7002 63.0811 63.3975 64.1389 63.1207 65.8986 
VIAV 14.86 15.25 15.1 15.11 14.59 14.31 10.99 10.49 10.67 10.15 11.09 
ABM 45.2361 45.0084 44.7411 45.1668 45.2163 45.1569 43.7708 44.3748 43.454 44.5728 44.5629 
ABUS 2.34 2.54 2.55 2.43 2.46 2.44 2.48 2.56 2.64 2.79 2.7 
ACHC 78.48 79.69 81.65 82.31 83.05 81.3 80.25 77.95 77.46 78.49 78.47 
KOS 6.49 6.66 6.51 6.59 6.82 7.32 7.27 6.48 6.69 7.09 6.69 
ITRI 48.92 49.37 48.89 48.79 46.5 43.15 46.75 50.11 50.36 50.43 53.94 
IRDM 47.5758 46.538 48.8031 49.2721 47.3862 46.2287 47.4161 47.2864 48.2144 48.6534 49.9506 
ADC 64.9317 65.1562 65.6344 66.9469 67.2898 67.1232 65.1153 66.418 66.8882 66.6923 66.7413 
ADMA 2.64 2.61 2.57 2.53 2.61 2.47 3.15 3.27 3.31 3.24 3.16 
OCGN 1.7 1.59 1.58 1.6 1.53 1.64 1.48 1.71 1.77 1.71 1.72 
LAUR 12.0251 12.0534 11.9213 11.9308 11.28 12.495 12.22 12.2 11.8 12.2 12.31 
INN 8.2384 8.2879 8.3968 8.5552 8.5255 8.0304 7.6839 7.8621 7.872 7.8324 7.5749 
VRAY 4.26 4.28 4.17 4.33 4.29 4.4 4.32 4.56 4.42 4.48 4.43 
IMVT 11.06 11.2 11.51 11.13 11.92 12.05 12.67 12.01 11.67 12.54 12.15 
IHRT 8.38 8.57 8.28 8.55 7.79 7.38 8 7.79 7.19 6.61 7.27 
UCTT 25.3 25.94 27.73 27.67 28.34 28.95 30.6 32.25 31.11 32.23 30.46 
UCBI 34.7697 34.4938 35.9028 35.5087 36.0998 36.2377 35.8634 34.5234 35.6367 36.3166 36.9668 
UBA 17.9782 17.9393 17.8809 18.0852 18.0949 18.0074 17.9296 18.1338 18.2117 18.4062 18.2311 
U 26.59 26.31 25.26 24.78 23.76 21.5 27.82 32.52 32.69 36.04 33.28 
WOOF 9.73 9.92 9.9 9.67 9.49 11.04 11.09 11.21 10.98 10.24 10.27 
AKR 13.4424 13.2476 13.345 13.608 13.608 13.8223 13.4132 13.3937 13.7833 13.9587 13.8223 
HWM 35.2937 35.4632 34.6058 34.9846 36.0614 35.4432 36.3804 35.2339 35.164 35.9725 36.5414 
FFIN 44.0937 43.4006 44.5591 44.7869 44.371 42.5787 38.7169 36.5088 36.6573 36.5187 36.6771 
SKIN 11.21 10.66 10.51 11.07 11.3 10.7 8.44 9.54 9.91 10.2 10.46 
FNA 17.21 17.68 18.15 17.32 16.2 18.04 20.08 20.07 19.44 19.12 18.97 
SHOO 28.8451 29.3094 29.5465 29.507 29.4576 29.2106 28.8352 29.6947 30.4751 30.9492 29.4971 
FMAO 26.1694 27.2717 26.3466 27.3603 27.2127 27.9213 24.9294 27.0552 27.9705 28.0886 28.374 
VTR 37.9397 38.9002 38.3514 37.6457 36.6264 36.2638 38.7042 39.8019 41.3799 40.9192 43.9674 
SHAK 53 55.82 55.57 54.24 51.93 47.65 47.02 44.2 45.66 46 51.07 
FIGS 6.6 6.81 6.61 6.1 5.98 6.57 6.91 6.38 6.62 6.09 6.17 
FICO 447.5 436.68 435.35 436.85 450.53 443.77 581.78 607.57 592.9 616.49 617.87 
SEER 7.77 7.39 7.49 7.65 7.03 6.43 6.79 8.17 8.58 7.82 8.21 
SCVL 22.2076 24.7876 24.3907 23.4381 24.2716 24.0235 24.7082 25.0258 25.5318 26.1669 25.6013 
FHB 25.5926 25.5729 25.5828 25.3376 25.2984 24.9748 25.0827 24.9748 24.8277 24.5237 25.1219 
CCCC 9.13 9.54 9.62 10.24 9.7 9.9 8.91 8.86 9.08 7.8 8.79 
GRWG 3.57 3.68 3.34 3.46 3.44 3.31 4.47 5.12 5.28 5.93 5.76 
SABR 5.59 5.58 5.56 5.81 5.95 5.05 4.67 4.61 4.66 4.81 4.53 
CDMO 14.72 15.66 15.78 16.41 15.39 14.88 13.04 12.61 12.93 13.68 14.47 
RVMD 20.26 20.79 20.46 20.6 20.5 19.77 19.65 18.97 21.5 22.17 21.22 
CERS 3.61 3.68 3.66 3.69 3.49 3.38 3.76 3.75 3.7 3.58 3.99 
NVST 33.38 33.24 33.01 34.17 33.47 33.38 34.4 35.26 34.62 34.68 36.04 
CL 70.5723 71.1154 71.8461 72.5077 72.3102 73.7025 72.9125 72.8138 71.856 71.4808 72.2707 
RNST 34.3822 34.4611 33.4345 34.086 34.5401 34.7178 35.1225 36.771 38.8144 39.8509 39.4561 
CLBK 22.08 21.72 22.07 22.11 21.91 21.88 18.85 19.38 20.54 20.86 21.28 
RMD 216.5466 221.3871 224.7236 229.0561 233.0301 231.3569 217.8513 222.7914 219.9827 217.1243 208.1007 
CLDX 34.58 33.62 33.49 34.85 34.55 32.59 37.8 37.7 36.5 36.69 34.44 
VZIO 10.59 10.62 10.52 9.97 9.79 9.21 11.31 11.32 10.53 10.99 10.7 
BAX 54.3309 55.7435 55.7435 56.4152 56.9289 53.3134 54.3309 53.6888 53.0862 51.2983 49.8264 
MKFG 2.02 2 2 1.97 1.91 1.74 1.67 1.84 1.68 1.71 1.6 
AXTA 23.33 22.93 22.78 23.56 23.54 23.81 23.79 23.69 23.82 23.32 23.66 
ZETA 7.99 7.79 8.03 8.28 8.34 8.37 8.06 8.58 8.3 8.17 8.28 
GLW 30.991 30.9123 30.4007 31.6698 31.8076 31.2173 31.8666 31.5911 31.965 31.6501 32.0338 
MNRO 46.9308 45.7842 46.3476 47.2866 48.0378 44.0742 45.0033 46.4267 47.1976 47.0395 44.8452 
STKL 10.98 10.45 10.92 11.01 11 10.44 8.77 9.35 8.71 8.2 8.58 
BRX 20.1958 20.0103 20.2251 20.6744 20.8111 20.9673 20.5572 20.479 21.3091 21.0943 20.8013 
MNTV 7.92 7.84 7.76 7.88 7.46 7.08 7.71 7.5 7.55 7.6 8.15 
STWD 19.0635 18.7319 19.1678 19.3383 19.4331 19.3194 20.1153 20.2763 19.9542 20.0489 19.5278 
MHK 92.5 95.37 96.35 100.24 98.6 98.25 96.72 94.75 95.09 90.47 87.98 
SSB 88.1031 88.1624 87.352 83.3792 84.2785 84.7628 87.4805 86.8282 86.2451 88.9035 89.368 
MPW 10.3702 9.6437 9.8041 10.2193 10.2381 11.0213 10.9364 10.8043 10.8986 10.3891 10.474 
MQ 7.2 6.91 6.97 6.84 6.82 6.24 7.17 7.53 7.2 7.43 6.71 
GEN 22.6996 22.0075 21.444 21.9087 21.4143 21.3748 22.6601 22.3733 22.6798 22.4425 21.9878 
SXI 94.02 96.6864 98.5469 100.1487 97.0545 98.9548 99.9895 100.9944 100.1165 98.2209 103.4187 
BGS 15.6721 15.0021 15.206 14.672 14.7302 14.2253 14.6428 14.2253 13.128 13.7301 13.0989 
SOVO 13.83 13.9 14.15 13.86 14 14.1 14.41 14.16 14.24 14.15 13.99 
WRBY 14.63 14.95 14.54 14.6 13.23 15.2 16.53 16.56 18.8 16.77 16.49 
FSS 45.0179 47.0307 46.4827 47.7581 46.1638 44.7987 46.114 47.1303 47.4093 46.9908 48.8641 
FSBC 29.1817 28.839 28.0556 26.7923 27.703 27.1742 27.4093 27.4974 27.8108 28.1437 28.4081 
MYPS 4.7 4.48 4.55 4.7 4.65 4.55 3.71 3.91 4.07 4.23 4.25 
SAIA 194.58 198.18 198.9 189.86 192.21 198.86 207.32 199.43 195 209.9 218.82 
SNX 89.042 88.5374 87.182 84.6987 83.3037 83.561 84.5701 82.255 80.3258 83.0366 86.8852 
GPN 115.0742 117.5815 119.9991 121.2528 124.6753 113.6813 113.0943 107.0351 93.8622 96.9564 98.6379 
FANG 151.8228 153.2917 149.6195 153.195 155.9394 157.9881 158.0461 152.248 154.8861 158.8192 158.0654 
EWBC 69.9239 67.7112 70.9813 71.5002 69.5029 63.0411 65.3028 65.9489 67.0259 68.3966 68.4259 
STE 165.0604 161.0818 162.0665 162.6932 162.713 160.117 168.3626 171.6151 166.8806 166.8309 165.4483 
PNFP 81.8365 82.1136 86.3406 84.5686 86.5089 86.6475 81.4702 78.54 79.0152 78.4608 80.1635 
FIS 81.834 83.6267 81.7454 81.7946 78.2782 56.3225 59.2676 60.9224 61.7301 60.7944 63.0402 
RHP 83.6332 86.2517 87.0521 87.5758 87.8425 87.8623 87.8327 84.3348 83.317 83.7518 84.1866 
PPG 108.5898 111.0944 109.2234 112.1735 115.5691 113.4902 107.3227 111.4607 110.8272 111.827 111.6884 
LH 209.9285 210.4753 213.4578 226.879 228.6089 215.0385 222.9819 220.5661 221.262 223.2702 222.2761 
CNXC 117.0251 116.1911 113.6095 112.7755 112.6861 116.6379 108.9825 110.8393 116.6776 121.1259 121.6919 
LMND 24.04 22.27 21.71 20.94 19.25 19.15 18.38 21.29 22.81 21.77 23 
TNL 37.7442 38.5752 38.6729 39.0737 39.2595 36.3659 36.6885 37.1284 37.0893 34.6844 34.6551 
BKE 37.1422 37.0492 37.5886 36.2495 36.9004 38.1745 39.1695 40.9736 40.1459 40.955 41.1038 
AOSL 31.99 33.51 32.75 33.05 32.05 31.3 32.65 33.86 33.99 32.45 36.52 
UNFI 47.68 45.45 46.72 46.78 45.58 38.84 38.51 38.7 39.46 40.32 40.72 
ENSG 84.5947 84.355 85.4037 87.4312 88.0704 89.978 86.4025 89.8482 89.6684 91.576 90.5573 
SMG 46.3444 46.6287 47.0601 45.011 45.4522 45.2757 49.4817 49.4131 50.6975 54.5799 52.5603 
CE 93.9503 94.8983 94.9181 97.1301 92.8246 93.3085 90.7904 91.2446 92.6469 90.6027 102.9859 
MLM 329.7193 329.251 336.9229 334.7508 333.1069 321.7087 330.3271 335.9265 341.5857 342.6618 335.2988 
REG 57.1916 58.6309 59.2478 60.6283 59.2478 59.0323 62.2439 62.3223 61.6956 60.9123 64.8778 
EOG 129.8663 129.2091 131.9443 131.7413 131.0454 133.7419 137.4629 141.0485 143.2908 134.9404 137.5402 
NTRS 82.3533 85.7855 82.668 85.4807 86.1592 78.272 75.9315 78.3507 78.6556 80.6618 80.7995 
RXDX 51.1 49.69 49.23 47.83 47.05 49.67 49.08 49.74 49.57 49.08 47.26 
MCK 381.3088 384.28 386.9322 393.5627 388.2284 380.9199 388.6472 396.4143 395.4871 394.6396 389.6243 
VNT 19.0169 19.4359 19.0568 19.5257 18.8173 17.171 17.7198 18.518 18.2386 18.3583 19.9647 
ST 40.1485 39.9793 40.2978 41.4921 41.4224 39.2727 38.8746 39.4717 40.1186 40.0191 40.3475 
LII 212.1318 222.5996 225.395 233.4937 232.1258 225.623 235.3474 231.531 232.6908 229.4196 233.8902 
DNLI 27.78 29.62 28.68 28.96 30.73 30.63 28.32 27.75 27.55 26.84 30.47 
LCII 99.1566 99.9408 101.9012 106.018 104.0086 101.911 89.737 88.4333 90.2761 94.4223 92.3247 
PFC 26.7934 26.7359 25.8167 26.3625 26.6593 26.9083 26.7934 27.0998 28.1149 27.6265 27.3297 
FLNG 32.9861 31.0256 32.672 32.3675 33.1574 31.6537 30.6068 31.9773 31.7013 32.7862 33.8521 
REPL 17.59 18.07 18.36 19.06 19.21 19.44 18.54 17.62 18.04 17.88 20.11 
OHI 29.2824 29.7586 30.1321 30.3038 30.3896 29.7317 30.0082 30.8664 31.1429 29.4361 29.5505 
BALL 47.4258 49.2426 49.0341 49.1036 47.5052 50.6623 50.4836 50.6424 50.1758 49.193 53.1145 
PB 72.8369 70.7522 71.0964 72.2764 72.8074 70.4867 69.0805 70.526 70.3785 70.5358 70.0737 
VFC 27.5949 26.7511 26.8577 27.0226 27.7695 27.3621 26.5959 27.4203 27.4009 27.7695 26.6735 
GBCI 51.8647 51.0264 52.6536 52.8805 51.983 50.3854 51.8252 50.9475 51.628 52.6043 53.8765 
RGLD 97.8698 96.488 96.0804 94.4004 96.5576 91.5274 87.0539 95.1161 95.2951 100.8322 100.0767 
APAM 26.8967 26.9638 27.1843 27.9418 27.3377 27.8555 27.8555 27.1556 28.2007 29.1884 29.3802 
STR 27.0152 26.2566 26.4652 27.3376 29.0539 29.7746 29.1298 29.9548 30.8745 30.078 30.9504 
AWR 89.6989 87.2993 85.9606 86.9324 88.1718 88.3305 89.0147 89.5303 95.222 91.6821 94.4827 
PHM 39.3756 36.9215 36.3551 37.2494 37.7163 39.2961 38.6304 38.9782 40.0711 39.7333 39.5445 
EHC 48.9082 49.127 47.257 47.1675 48.7192 50.8179 51.8524 54.349 54.1501 54.8961 53.7025 
CCBG 34.2418 34.3508 33.4298 33.8953 33.6675 33.7665 34.3607 34.5587 34.7865 35.0736 34.6181 
JACK 86.4081 85.0841 84.3825 84.3825 83.9379 70.3912 71.0928 71.6362 71.6362 71.6758 71.4386 
IBTX 66.3599 66.5357 65.7249 62.4035 63.2338 63.4976 61.7588 60.7721 60.8502 61.9444 61.6318 
ABCB 47.92 48.3568 49.3793 50.4316 50.789 50.9081 51.4144 51.1365 50.6699 50.4316 49.697 
BSRR 20.636 20.4333 20.3754 19.97 20.9063 20.8773 20.7518 20.6553 20.8097 21.4829 21.5122 
SO 62.1861 63.1654 63.2536 64.3602 64.2818 63.8216 64.9673 64.1251 64.1741 63.4592 63.5082 
LGIH 87.8 88.62 90.76 92.64 92.05 92.41 83.43 82.32 83.27 84.5 84.12 
FELE 87.9032 86.8707 81.9066 84.6666 86.3147 80.3181 81.5393 80.338 80.5663 81.3507 80.9238 
TFC 41.4914 41.1394 43.1049 42.0488 43.4472 42.4106 41.5012 39.5259 40.5918 41.7163 42.88 
WSM 126.9617 133.4917 131.7852 133.5213 124.979 128.6188 120.7078 117.571 122.148 122.0394 120.7571 
EW 83.68 84.81 84.91 85.7 86.76 86.3 70.87 72.43 72.59 70.31 68.66 
OXY 73.4361 70.7494 71.8042 72.9087 75.5954 74.461 67.5951 70.1325 73.9635 72.9187 74.063 
XEL 58.8458 60.0035 60.6735 61.4814 61.6489 62.3189 64.4077 64.1515 64.9299 64.3486 64.191 
SSNC 46.9682 47.683 48.0107 49.2218 49.0233 49.063 50.9394 51.0486 51.0287 49.0134 47.9114 
RMR 26.7689 26.6815 26.3418 27.2056 27.1086 26.2933 26.2545 27.2056 27.5162 27.5065 27.2833 
FFWM 18.325 18.0293 17.4181 17.6744 17.7434 16.2155 15.5945 15.6536 15.9198 15.7325 15.8606 
ES 72.8221 73.4517 75.5174 75.0354 75.724 74.9961 74.9567 75.9207 73.8058 74.7108 73.6878 
AVY 169.8952 167.3657 169.6671 172.2264 175.5891 161.9297 167.078 170.2523 168.189 167.4252 164.1715 
HASI 26.1366 26.5748 26.4676 26.5163 24.9777 25.9418 26.7598 27.5096 27.7044 28.1913 31.249 
CBSH 65.2403 64.7016 67.2814 66.9129 68.6043 66.6672 65.8072 64.1252 64.9284 64.5882 64.9851 
SYY 81.4759 82.4928 82.6903 84.8921 85.4648 83.0458 80.4194 80.2219 81.2093 82.167 82.3645 
ARMK 36.2967 35.7398 37.8977 38.5142 38.6435 40.3241 40.2744 40.0655 40.4136 39.8851 40.2042 
MAC 9.9676 10.7171 10.8339 11.3498 11.087 11.2525 11.7879 11.8463 11.6093 11.4119 12.6459 
MTX 53.4181 54.9255 54.7558 55.9238 56.6326 56.8222 55.3448 54.9155 54.9555 52.5674 51.9579 
CCNE 23.6696 23.9062 24.7047 24.3499 24.823 24.823 24.5569 23.5316 23.7091 24.1527 24.2217 
TECH 73.7151 75.0299 73.5088 73.4417 73.6306 76.869 74.0506 75.8525 75.4474 78.2335 77.1424 
CIVI 65.3846 64.3481 66.5447 65.765 66.4782 66.4782 66.0883 64.6049 65.822 67.0107 66.9251 
FHN 22.8369 22.8664 23.0535 23.398 23.5752 23.6244 23.6933 23.6638 23.8114 23.8213 23.9 
ECL 151.9045 151.13 152.0733 156.6506 155.9555 141.9655 136.2563 130.418 133.7939 137.3386 140.4861 
BSX 40.96 40.23 40.57 40.98 41.3 41.79 41.58 43.16 43.11 42.76 41.93 
MO 41.7898 42.6724 43.5646 43.8812 44.428 43.5742 44.428 44.3896 44.2649 43.0177 43.0849 
CARA 9.4 9.65 9.09 9.19 9.18 9.34 9.51 9.5 10.51 11.09 11.33 
WSFS 49.0492 49.1877 49.2471 46.8728 48.3567 48.614 45.6955 45.0327 45.1514 45.8241 46.0616 
BIG 19.0247 18.276 17.8249 18.4488 18.7176 17.1146 17.4601 16.7978 16.4715 16.4235 16.8938 
ZTS 150.1435 152.2694 150.1042 152.0355 146.6995 130.5522 133.0709 137.2421 135.5995 132.5731 141.9708 
URBN 25.32 26.02 24.72 25.42 26.04 25.53 27.8 27.68 28.29 28.45 28.54 
AMT 185.2415 184.8079 182.6796 192.661 194.0306 195.7648 201.7063 204.1499 204.8298 202.1793 198.3759 
HII 250.8678 254.5371 254.2503 254.0228 250.9964 241.5709 241.2742 241.6599 241.8478 236.1708 241.4918 
HST 17.8261 18.2299 18.3678 18.5943 18.5746 17.7276 16.7329 16.9397 16.9102 16.989 16.5458 
NAVI 14.9884 14.7528 14.7331 15.116 15.2141 15.6754 14.1835 14.3111 14.8117 14.8608 14.8509 
GATX 95.2832 94.0552 91.2722 93.3619 94.6098 96.8183 99.4032 101.166 101.4433 103.7013 105.4048 
SMMF 27.1502 27.622 28.261 28.3199 28.4674 28.5067 28.8901 28.5755 28.4772 27.9759 27.799 
FCF 13.5194 13.5486 13.1398 13.4318 13.568 13.7238 13.3344 13.607 13.9865 13.9573 13.9865 
CTRE 18.0172 17.8231 17.7843 18.4735 18.6094 18.3279 18.2599 19.3472 19.2404 18.6871 18.6774 
ESI 16.4157 16.386 17.1597 17.1101 17.5366 17.6854 17.3184 17.6457 17.0605 17.1894 16.5844 
DUK 89.1935 92.0935 91.2901 91.8387 90.9962 91.3293 91.7114 90.3594 91.3097 91.5546 95.1306 
HRI 106.4797 103.7731 109.6424 111.4369 107.6794 98.3202 101.9191 105.637 110.9709 110.3265 112.1606 
TAP 49.8332 49.3306 49.1434 50.3554 49.6952 48.0988 48.6211 48.759 50.454 50.2372 50.5427 
LNN 149.3797 148.125 157.5353 158.3917 158.4315 156.3105 156.191 155.5039 156.6789 158.7203 157.8938 
HBCP 38.5508 38.7468 39.972 40.1485 40.9032 40.7366 40.4327 39.4525 39.4721 39.6388 40.8738 
NYCB 8.2592 7.9987 8.1917 8.4232 8.6355 8.3653 8.4425 8.9346 8.9828 8.9828 8.7416 
SR 66.9809 69.6245 69.0664 68.0971 68.5475 66.3445 67.1669 69.3797 70.9365 71.7589 72.1212 
HTLD 14.9221 14.7126 14.9021 14.8423 15.1814 14.6927 13.9645 13.5955 14.0942 14.3934 14.164 
AGR 39.6145 38.8218 37.9117 38.5869 38.9784 39.9178 39.1349 39.1643 40.0353 39.8102 39.7417 
DAL 30.62 29.39 29.42 28.84 29.21 30.38 31.08 31.13 32.17 32.52 32.15 
F 11.1564 10.8253 11.2116 11.4783 11.8002 11.791 11.9566 12.1957 12.2969 12.3245 12.0118 
AVNT 33.7243 33.7145 34.1585 34.0302 34.5235 28.0115 27.7057 28.3371 28.9291 28.939 28.6233 
NOC 508.8875 519.0367 522.3138 523.0983 527.3089 531.7976 544.3103 545.204 532.165 526.6237 521.8669 
DFS 91.7579 95.2293 92.4008 91.7382 93.637 94.804 98.8687 101.094 101.6775 104.4763 103.3093 
DORM 90.64 92.91 89.94 86.56 86.98 81.03 74.07 77.01 80.29 82.33 81.62 
STER 19.14 18.09 14.56 13.61 14.74 12.26 14.85 13.96 13.59 13.53 13.47 
NWBI 13.7214 13.731 13.5877 13.1103 13.1962 13.4827 13.8169 13.5782 13.8169 14.2657 14.3803 
MRVL 43.5438 42.846 42.5369 42.7762 46.3749 45.2584 44.5805 42.836 40.9619 40.284 41.57 
BR 142.8502 143.5133 147.3733 148.5214 148.0662 136.3179 132.537 132.0719 134.1107 135.0906 132.3688 
PRU 99.0508 98.7968 99.461 102.8311 102.753 103.5442 102.8507 99.4708 102.626 100.8188 100.9068 
NATI 37.9037 39.1573 39.3053 40.1049 39.8877 39.3744 38.2196 37.6865 37.9136 36.3639 36.0381 
OUT 17.245 17.9507 17.448 17.7283 16.7714 16.4814 15.8434 15.8917 15.94 15.94 17.2933 
FDS 444.8496 444.2023 444.6405 439.8401 428.6957 393.1412 391.0697 386.837 389.536 391.4581 395.2426 
ORCL 73.709 72.8701 73.5215 73.6794 74.923 76.0778 75.0514 71.1823 69.3268 67.9351 68.172 
GMED 66.92 65.04 64.34 62.94 64.26 64.29 61.59 65.76 70.33 70.89 71.78 
PSN 44.38 44.62 46.34 46.88 46.64 47.59 47.67 48.42 49.37 49.68 49.06 
LBAI 16.3589 16.8455 17.0596 17.0012 16.9233 16.7676 17.9646 18.1495 18.0911 17.7116 17.5851 
TSN 66.2436 66.7065 63.1412 65.4557 66.3913 63.8503 63.3677 63.5548 64.4018 64.5299 65.7413 
FISV 95.01 96.74 97.35 100.08 101.76 98.81 102.6 102.74 104.02 100.56 94.57 
BWXT 56.5592 57.2044 56.5791 56.2813 56.1721 57.0456 56.5592 57.8 61.7109 59.9441 58.068 
WST 230.8213 232.398 236.1303 248.6942 253.8735 220.7721 225.0433 229.6238 229.025 219.0756 208.9067 
WMS 123.9016 118.446 115.5737 116.8603 113.1501 84.8451 82.9801 81.5538 84.885 81.6137 89.4429 
FMBH 33.8214 34.4919 35.0638 35.3004 35.3892 34.6299 35.4681 35.3103 34.8074 34.1862 33.7129 
RC 11.2278 11.0981 10.9406 10.7275 11.1722 11.4038 11.6632 11.4779 11.9504 12.3117 12.1727 
PRMW 12.8528 12.7934 13.2885 13.2291 13.1895 14.1995 14.1698 13.9321 14.249 14.0708 14.0906 
YUM 111.2457 112.8708 116.8046 117.1712 117.0721 116.2992 118.4098 120.669 121.3923 121.2635 120.9365 
KNX 48.6652 48.6751 48.3068 49.5013 49.7203 49.1928 46.2862 47.192 48.2173 47.8788 48.4661 
UMH 17.1244 16.743 16.7137 16.8017 16.9582 16.8506 16.4301 17.8872 17.6525 17.1951 17.0863 
SFIX 3.82 4.04 3.82 3.79 4.03 3.67 3.69 3.97 3.88 3.91 4.08 
SWTX 24.39 25.36 24.01 24.26 23.24 23.4 23.9 22.58 22.6 21.77 23.78 
TWO 13.1163 12.987 12.4328 13.181 13.4581 13.3934 14.1324 15.3239 15.4625 15.2408 15.3055 
MCB 67.62 65.96 67.01 64.15 63.8 59.94 60.53 61.69 64.17 64.31 64.43 
SWI 9.23 9.41 9.33 9.34 8.7 8.06 8.61 8.63 8.75 8.49 9.44 
AFRM 19.46 17.6 16.67 16.12 15.63 15.64 12.1 14.99 17.01 16.28 17.31 
ARCH 122.4252 125.3297 124.4647 122.8258 121.1323 138.3316 136.6836 138.6593 140.0706 136.465 141.3544 
AN 95.6 96.9 100.6 103.21 102.41 105.22 106.1 106.31 111.75 106.3 106.98 
RF 20.3002 20.8597 21.2622 20.5162 19.3775 19.1615 20.1726 20.8401 20.899 21.1542 21.4487 
RMAX 18.7279 18.884 18.9815 18.9522 18.2499 18.1622 18.4255 17.4891 17.2062 17.1867 18.3962 
FITB 33.5884 33.2071 33.96 34.0871 32.5226 30.4594 32.2879 33.608 34.5663 34.7227 34.5663 
ATRA 4.83 4.67 4.65 4.75 4.73 4.9 3.88 4.81 5.13 5.18 5.01 
HBNC 19.0161 18.7139 19.0063 19.2695 19.4937 19.2792 15.4975 15.1173 14.5325 14.5423 14.4838 
EA 127.3327 126.8443 127.2929 127.8312 125.5584 125.8674 128.2498 126.2163 129.3463 131.9978 128.6884 
LHX 236.4878 244.6016 245.502 245.6208 247.3623 250.1427 246.1254 243.8793 238.6152 236.2998 232.51 
AMCR 11.2301 11.2399 11.2986 11.5042 11.3378 11.3476 10.6132 10.5447 10.9266 10.9853 10.9853 
CBU 62.6996 62.9064 62.1582 59.1162 59.9924 59.3919 59.1655 59.1359 59.8447 61.0162 61.4592 
ALRS 21.9967 21.2115 21.5157 21.6728 21.8887 21.7709 21.4176 21.8495 21.8887 21.5943 21.2213 
TEAM 198 200.82 202.73 191.74 172.4 174.17 123.73 119.23 122.72 122.29 140.85 
VERV 37.7 36.44 34.58 32.32 31.29 21.75 20.58 19.71 23.38 27 26.35 
SYK 219.2248 223.321 227.268 226.9598 227.9043 227.9143 218.8172 210.7442 204.3215 209.7599 212.2852 
FISI 24.3032 24.7999 25.1701 25.4331 25.1409 25.8519 24.8876 23.2122 23.1927 22.7446 22.3647 
KMB 113.4087 112.8784 110.3054 111.916 113.7819 117.3468 118.0539 119.1243 122.0509 122.2276 122.1196 
DPZ 321.9419 312.3101 307.4941 301.3675 299.6397 330.9184 315.1102 318.9034 326.589 321.1277 317.2551 
ATEN 16.3423 16.5905 16.6202 17.0273 16.6798 16.8784 18.04 17.2755 18.1294 18.2783 18.8939 
LICY 
AGEN 2.4623 2.3838 2.4133 2.3936 2.3446 2.1876 1.9816 2.4035 2.4623 2.8743 3.1098 
NFG 65.0151 66.088 66.4325 66.3144 65.2809 63.8142 62.3574 63.1842 63.8241 62.0326 64.2572 
PACW 22.2284 23.1415 22.7095 23.8386 23.8484 23.1513 22.0418 21.5804 22.5524 23.4557 23.76 
EGBN 43.774 45.6679 45.3653 46.2829 46.1853 45.6679 43.2664 40.982 42.4171 42.954 42.8466 
INSW 40.8757 40.7173 40.2795 41.8724 41.5836 42.0773 42.4779 41.0247 40.3354 41.919 40.9874 
AZEK 18.86 18.64 18.58 18.76 18.57 17.41 17.75 19.34 20.21 20.15 20.27 
MRTN 19.9026 19.9423 19.9721 20.2107 19.5546 19.8827 18.4114 18.133 17.6558 17.8447 18.6201 
TNK 31.77 30.79 31.49 33.27 33.16 33.16 34.42 33.36 34.89 32.74 31.38 
RARE 39.97 39.33 40.76 40.46 41.93 40.59 38.17 35.27 35.07 34.74 33.72 
NEOG 15.29 15.07 14.97 14.79 14.56 14.26 14.41 14.56 13.97 13.92 14.38 
MAX 10.85 11 10.98 11.23 11.06 11.25 14.58 14.71 13.98 13.99 14.29 
NVR 4160.8101 3977.8501 3959.55 4046.6499 4047.04 4278.0698 4185.1802 4159.52 4275.3599 4237.75 4249.29 
SFBS 81.9403 83.0698 82.832 86.3989 84.9028 86.0522 73.9841 70.6648 68.9012 69.6146 70.7738 
BFS 40.0427 39.596 38.7416 40.0135 40.3242 39.6446 38.1784 41.5185 41.6836 40.8583 41.402 
CERE 29.32 28.74 28.47 27.99 27.11 25.7 25.66 28.05 29.37 29.38 29.35 
OBNK 40.7675 39.3281 39.8642 40.3208 40.0627 40.3704 39.755 40.152 41.0255 41.3928 40.4994 
TREX 45.07 47.01 46.83 47.34 49.34 48.09 44.09 40.39 39.98 42.3 43.86 
CFFN 7.8197 7.6147 7.7079 7.7731 7.9129 7.0834 6.8597 7.4562 7.624 7.4935 7.3723 
KEY 16.345 16.12 16.5211 16.6091 16.1298 15.5038 16.5309 17.3427 17.3819 17.3036 17.3623 
FDX 202.3735 159.0578 160.9149 155.4819 151.3825 152.6568 147.5103 141.1586 143.1837 148.1622 150.454 
SYNH 49.53 50.72 50.38 50.67 49.02 47.81 25.7 30 29.72 29.84 33 
LSXMK 42.65 42.19 42.37 42.06 42.04 41.65 42.6 43.02 42.92 44.01 44.7 
GME 26.21 26.6 27.52 25.56 23.39 22.26 24.79 22.63 22.67 21 21.05 
CTBI 40.5294 42.3908 41.9107 42.8022 42.5083 42.2732 42.91 44.3305 44.9771 45.2122 45.2122 
NEM 41.824 42.852 42.1568 41.961 41.4324 40.8352 38.7009 36.9974 40.1303 40.4533 42.8324 
WAL 64.5395 63.1828 65.0248 63.9552 60.7466 58.449 61.4002 65.0446 65.213 65.2229 64.6584 
SAGE 37.88 36.9 36.63 34.78 33.88 33.91 32.2 35.06 35.61 35.96 35.25 
LAD 215.3059 219.3315 206.8663 204.0464 206.6172 193.5143 182.4341 184.965 192.7271 197.4202 199.1241 
RLAY 21.71 22.5 22.22 22.46 21.42 20.94 20.49 20.36 19.97 19.02 20 
CHTR 330.4 337.07 346.71 344.87 355.26 368.24 367.62 357 347.25 344.25 348.82 
GEF 69.2086 68.9724 69.9272 68.4211 69.1594 69.1692 66.8856 65.7339 67.3581 67.3777 67.9093 
FA 13.91 12.89 12.53 10.22 10.37 12.3 11.57 12.63 12.28 12.41 12.81 
HAS 65.4553 65.4167 65.7741 64.3348 65.407 63.5234 62.6347 61.9295 63.2626 63.3785 64.6922 
WERN 38.6082 38.0714 38.5088 38.966 39.6619 38.0217 37.0376 38.3696 39.5724 39.1549 38.0714 
MTN 254.3749 252.0948 245.8247 242.434 242.6699 246.8861 254.1882 257.1955 262.3453 257.6083 252.0359 
AMED 96.93 96.51 97.98 97.86 101.91 105.34 92.705 97.63 97.59 95.12 89.72 
RHI 81.1254 80.0677 81.0562 81.679 79.8997 78.9211 72.1697 71.3987 73.8897 73.7908 73.9094 
CPRT 55.67 60.46 61.56 61.24 62.06 62.04 64.14 64.42 64.08 64.74 65.87 
PAR 27.38 26.48 24.94 23.44 23.06 20.38 25.27 27.47 25.73 25.26 24.99 
NBN 39.8711 40.051 39.5913 41.6398 43.1687 42.0695 42.4942 42.4992 43.3686 44.128 43.9481 
WOR 48.8121 47.6061 46.924 47.6358 48.5353 42.4956 37.7013 41.8728 44.5912 43.6027 42.3671 
AWI 81.8952 78.5501 76.9468 79.0944 78.847 76.3926 73.7304 74.0867 74.6211 74.7893 74.4825 
TMP 77.4602 78.2878 78.7114 78.5735 79.2829 81.9234 81.6179 82.1007 81.0563 80.1598 82.5539 
CYTK 42.59 43.24 43.66 42.99 41.87 39.75 37.75 36.51 38.25 36.65 39.12 
HHC 59.68 59.76 60.35 61.35 62 60 59.98 61.19 61.96 62.92 60.25 
MIDD 135.79 130 131.34 136.34 138.22 125.53 137.22 141.39 137.15 140.04 139.84 
LTC 36.6413 36.8836 37.0289 37.5619 37.9786 38.1046 37.9689 37.4747 37.0483 37.0871 36.9223 
PTON 7.81 8.01 8.4 8.94 8.63 9.34 9.39 9.41 9.58 8.565 9.96 
VGR 9.6253 9.7604 9.9921 10.2432 10.2528 10.2238 9.8859 9.9825 10.137 10.5328 10.2914 
DHI 74.5907 73.0626 74.6006 74.551 72.6954 74.8586 83.2733 84.2656 80.862 83.5214 82.4794 
SUM 25.5851 25.4572 26.5388 25.9095 25.6834 24.7001 25.8309 27.2763 27.3845 27.4828 26.7552 
MGEE 65.6668 67.624 67.3077 67.9206 67.4461 66.3785 66.9815 65.904 66.4674 66.3884 69.7888 
MCO 244.6987 240.6689 236.2213 240.8182 243.7534 256.3301 255.6834 259.6932 267.7427 263.5438 263.0264 
ATRC 38.79 41.54 40.51 41.91 42.12 42.94 40.35 41.36 39.65 40.4 40.64 
ECVT 9.91 9.9 9.86 10.05 9.95 9.6 9.42 9.3 9.67 9.63 9.75 
SMBK 27.2232 27.2828 27.3425 26.3976 27.1038 27.4221 28.1879 28.3272 28.2974 29.481 29.0831 
OEC 15.5286 15.5286 15.9278 16.0176 15.6982 15.319 16.6762 17.4946 17.4447 16.7661 18.5524 
KMT 24.7672 25.0921 25.1118 25.3974 25.9292 26.3034 24.5111 22.6105 22.6991 23.9006 24.5162 
EBC 20.2254 20.5022 20.611 20.7098 20.8877 20.7592 19.138 18.9502 18.6734 18.3176 18.6537 
VMW 116.29 115.32 115.43 116.56 116.77 118.39 119.35 119.26 117.52 118.03 121.49 
HLIO 56.518 56.7174 55.6706 54.8332 56.7274 50.5861 50.606 50.9151 54.2549 53.8262 54.0456 
GSBC 58.3388 61.0591 60.6353 61 60.9704 61.1182 57.7573 59.1569 59.5511 59.8074 59.4427 
WSO 250.3042 237.461 246.5574 253.0085 242.2895 234.6288 244.2071 248.1899 255.8702 256.7258 258.309 
CMTG 14.8951 14.6872 15.122 15.311 15.5945 15.2637 16.7759 17.0122 16.8988 16.9555 16.8515 
MYRG 89.82 88.41 88.17 89.92 91.49 91.75 80.28 86.97 87.51 89.78 90 
MAS 45.8165 44.1559 45.8561 46.5381 47.7836 45.0455 45.4903 46.5579 45.7374 45.1345 43.6122 
TBBK 23.9 24.16 25.03 25.16 25.2 25.17 28.37 27.58 28.3 28.53 29 
OZK 41.9058 41.5034 42.9461 43.2798 42.583 40.6005 39.3443 41.2483 41.6801 41.052 40.63 
PZZA 70.1788 71.625 71.942 73.3089 72.8136 74.4381 74.8046 75.3791 75.6862 77.2215 81.4015 
SAVA 36.44 35.96 35.72 34.21 35.27 34.11 34.89 34.59 34.96 37.6 41.15 
PRCT 44.44 45.34 45.43 46.09 44.21 44 39.85 39.27 40.48 39.4 44.53 
MOS 53.111 53.8027 51.2731 48.2594 48.704 49.3265 52.2612 49.04 52.864 52.1624 52.4885 
CABO 814.7788 869.2668 852.8241 838.5745 807.2869 796.1829 678.0281 661.4267 646.8099 616.2169 647.5343 
DG 255.0654 255.961 251.8513 251.6026 254.4186 235.174 242.7564 244.7167 244.2391 247.7417 247.473 
ACEL 10.04 9.75 9.52 9.82 9.7 9.38 8.56 8.92 8.58 8.95 9.04 
PDCE 70.139 69.9041 69.6203 70.5989 70.9414 68.7102 74.1122 75.5704 79.6415 79.3284 73.4272 
TTWO 118.48 116.31 113.55 111.3 108.53 108.4 93.57 94.09 98.57 102.25 99.88 
PINC 33.4311 34.3395 34.1025 34.685 34.4382 31.3676 31.5354 31.2096 31.1405 31.0023 30.7061 
CBRE 67.77 69.31 69.82 71.96 72.65 70.27 70.75 70.94 72.78 69.85 68.84 
MCRB 6.59 6.74 8.07 8.86 9.05 8.19 8.99 8.14 7.86 7.69 7.12 
LGND 56.5587 54.5971 68 62.81 62 62.84 69.95 75.25 82.04 81.42 79.83 
HSKA 72.19 67.38 64.14 63.95 65.05 63.69 68.11 72.1 72.48 71.92 72.66 
COIN 72.47 72.07 66.25 63.29 60.71 55.8 58.82 56.97 50.83 45.98 50.92 
CMPR 23.34 23.27 23.17 21.58 22.96 22.23 19.29 20.56 23.28 24.34 23.23 
MTB 176.0391 184.3281 182.6742 184.9779 186.4152 160.5242 158.89 159.2542 160.6029 160.9573 162.434 
MSEX 79.6556 83.071 85.6623 85.1361 86.8736 89.2961 88.8295 87.4395 85.1957 84.868 87.2509 
INDI 7.32 7.68 7.78 7.7 7.42 8.1 9.16 8.76 8.67 6.655 6.74 
CERT 12.23 12.49 11.82 11.92 10.65 12.735 13.64 13.91 14.92 14.65 14.64 
AMZN 115.25 119.32 119.82 120.6 115.66 110.96 103.41 102.44 96.79 92.12 89.3 
NI 25.2299 25.3674 25.1611 25.2004 25.4263 23.9335 24.4835 24.4442 25.6227 25.3477 25.2986 
CNOB 23.2292 23.8511 24.4434 24.8679 24.5224 23.397 24.5718 24.7297 24.3941 24.0189 23.9301 
SEAS 56.79 56.56 57.68 57.54 56.64 52.77 55.91 55.25 56.82 56.53 54.02 
FSR 7.71 7.7 7.78 8.15 8.29 8.06 7.82 7.5 7.2 7.22 6.51 
ATEC 10.05 10.25 10.24 10.21 9.38 9.15 9.24 9.82 9.25 8.91 9.76 
MTCH 45.43 44.23 43.56 43.68 43.2 43.9 45.74 42.79 43.02 44.53 44.1 
ZBRA 274.58 273.18 275.29 288 283.22 238.3 236.03 227.32 230.56 236.36 234.65 
DBI 15.3255 15.1771 14.999 15.4838 15.1375 11.3185 10.8535 10.4775 11.0019 10.4478 10.527 
TRTX 7.5194 7.6688 7.7342 8.0425 7.9117 7.8837 6.7628 6.2677 6.3051 6.2864 6.3518 
ASTE 40.0006 41.5016 43.1418 43.3903 43.271 40.5374 42.2571 43.8078 43.6587 43.9172 41.2829 
TGNA 20.317 19.6638 19.2086 19.1195 19.0701 18.8919 19.2482 18.793 18.7633 19.1195 19.6143 
OLLI 60.9 60.45 60.47 57.33 57.75 47.66 52.11 51.3 52.73 52.18 51.25 
COLL 17.88 18.22 17.94 18.55 17.63 18.03 18.84 19.98 19.72 19.22 19.26 
VRTS 147.3946 149.8677 157.6668 161.6394 167.053 167.4717 167.5593 172.2389 168.5916 170.0957 165.1704 
OPK 1.9 1.88 1.8 1.78 1.82 1.85 1.55 1.6 1.65 1.7 1.76 
CSTL 22.23 21.99 23.43 25.52 25.82 24.77 24.27 21.94 19.7 20.12 18.08 
DSEY 5.31 5.36 5.4 5.16 4.8 4.6 5.38 5.35 5.3 5.3 5.79 
ERIE 231.7788 235.9766 239.9962 233.2144 233.5114 236.2043 246.8274 254.4508 252.4608 255.9358 260.0643 
CAC 42.7758 42.7465 41.348 42.1695 42.8932 41.749 41.1524 41.4263 42.4629 42.5607 42.0619 
BANC 17.1458 16.9283 17.2645 17.2843 16.8195 15.5539 15.4352 15.3759 15.9098 16.0779 16.1669 
TRUP 48.94 50.1 50.47 48.76 44.5 44 45.45 45.69 48.98 47.22 55.36 
BOH 77.682 77.957 76.6606 74.6179 74.343 69.7174 70.3165 72.3101 72.477 74.1073 74.5885 
LNT 51.3082 51.7606 51.2591 51.2886 51.859 50.7181 52.1048 52.4589 54.6029 53.0392 52.4392 
CHRD 149.9275 146.7344 146.1732 148.1277 149.8017 145.1379 149.2405 152.1045 155.5201 154.5525 142.6996 
LMAT 48.0825 49.793 50.3598 51.583 51.8913 51.5433 41.703 43.1599 42.8715 43.687 44.3135 
RYAN 44.22 44.64 45.11 45.41 44.01 44.45 34.12 32.3 34.03 33.18 34.61 
SAH 40.6422 41.2555 42.482 43.9557 44.2228 46.4878 46.7351 46.2406 47.8231 45.0339 44.4404 
CHH 129.2423 129.7798 126.1764 125.0317 127.779 116.1229 115.4859 114.391 119.3679 121.8465 119.9552 
COO 326.5914 322.2918 321.5318 313.0726 314.5524 319.402 309.4429 314.0925 329.8011 324.8315 324.0716 
RUTH 20.5024 20.4336 20.3156 19.9026 19.8239 18.6439 17.1394 17.3459 16.6576 18.4276 17.7098 
GERN 2.3 2.41 2.22 2.15 2.15 2.03 2.1 2.1 2.17 2.08 2.26 
ABCL 11.5 12 12.11 11.91 12.01 12.24 11.81 12.91 13.58 14.27 14.49 
RELY 11.18 11.08 11.41 11.62 11.68 10.72 10.22 9.51 9.52 9.52 9.08 
BTAI 11.71 11.72 11.68 12.25 11.41 14.75 15.83 16.24 16.1 15.35 15.55 
CWT 51.0265 52.754 53.9188 55.7155 56.0807 57.749 60.1577 61.2633 59.0521 57.9761 57.9761 
ZION 51.0604 51.1588 48.4424 46.3855 47.0645 48.9936 50.6963 49.6038 49.5841 50.7258 51.1195 
WDFC 173.9978 170.2907 166.692 171.0794 173.1992 169.1963 149.6649 150.0611 146.961 154.2407 156.6475 
UI 348.6975 345.3017 343.32 334.1286 324.6583 296.5861 285.0245 285.0345 274.2298 294.0567 288.1195 
TROX 12.4438 12.6009 13.3376 13.0036 13.2393 12.9152 12.3358 11.5206 11.7858 11.8152 11.3045 
MDC 27.8613 28.5117 28.7155 30.793 30.3659 30.4338 30.1329 29.5698 29.2301 28.6379 28.0554 
KMPR 44.5288 45.1324 46.5376 47.1709 46.9532 45.6173 49.0708 55.5027 55.2454 54.4934 52.8607 
PTCT 45.67 46.63 45.64 44.59 45.65 44.59 38.47 37.82 37.73 36.79 36.24 
AFCG 15.7992 15.3381 15.3012 15.4672 15.6793 15.1997 14.1575 14.5264 14.6002 14.6648 14.7294 
SGEN 126.7 128.84 129.06 128.77 129.46 131.25 129.69 127.16 126.69 129.1 127.8 
AVTE 17.86 18.22 17.78 20.15 19.36 19.37 19.47 19.75 19.28 17.99 17.61 
DVA 89.99 92.71 95.44 99.31 96.75 70.54 73.01 69.87 69.76 68.54 70.38 
PCRX 52.17 52.25 51.76 52.45 50.98 49.59 49.86 50.33 50.39 49 52.4 
FUBO 3.62 3.66 3.55 3.46 3.39 3.39 3.51 3.42 2.87 3.22 3.59 
USNA 59.68 57.22 56.69 57.1 56.96 58.23 56.84 55 55.24 52.51 53.75 
HIPO 17.37 17.62 17.39 17.28 15.57 16.77 16.21 14.58 14.41 13.71 13.85 
SPOT 88.04 88.75 87.74 88.7 94.66 97.05 84.42 81.74 83.36 80.58 80.17 
CCCS 9.08 9.33 9.15 8.89 8.93 9.1 9.14 9.22 9.04 9.25 9.36 
AVXL 12.68 11.43 11.42 11.36 11.89 9.1 8.94 8.82 8.87 12.05 9.58 
CSII 14.73 14.81 14.44 14.49 14.92 13.79 14.28 14.29 13.97 13.75 14.63 
BFLY 4.59 4.81 4.9 5 4.79 3.94 3.68 3.76 3.7 3.38 3.71 
JBLU 6.98 6.85 7.01 7.16 7.54 7.32 7.46 7.62 7.76 8.04 8.02 
NABL 9.83 9.86 9.81 9.93 9.69 11.27 11.64 11.14 11.58 11.41 11.32 
UHAL 54.672 53.125 54.012 53.568 52.892 51.347 52.02 52.89 50.32 52.07 54.82 
EIGR 4.87 5.12 5.11 5.21 4.82 4.65 4.31 4.38 4.04 3.99 4.12 
KYMR 26.51 29.99 30.34 29.94 28.75 30.92 30.86 29.04 30.33 27.83 30.61 
RGNX 22.71 23.88 23.67 24.73 24.24 21.05 20.73 20.84 20.81 20.45 22.1 
ALG 149.9202 149.1124 151.6756 153.1915 149.6609 150.3391 143.1284 143.4774 148.3444 149.2121 154.6476 
CEIX 60.7803 59.7786 60.6165 61.1655 60.6936 61.0403 60.5395 60.6936 64.2474 67.5315 65.2008 
RCKT 18.04 18.94 18.66 19 18.09 17.78 17.01 16.24 16.14 16 18.02 
OSK 77.403 81.3881 82.5678 83.6979 84.2729 84.5108 87.5046 87.237 87.3063 85.1155 85.8194 
ENTG 79.9582 78.494 80.5758 79.0319 80.1489 63.3432 63.3033 63.772 66.0261 68.0707 64.6697 
ESTE 16.12 15.95 15.35 16.16 16.43 15.95 15.82 16.02 16.43 16.26 15.12 
COCO 9.98 9.53 9.59 9.45 9.22 8.31 10.1 10.72 10.8 10.76 10.6 
SBSI 36.8304 36.7519 35.5347 35.1813 35.3875 32.4131 31.6082 32.4033 33.6991 33.6107 33.6107 
CSV 31.0802 30.379 30.3098 30.379 31.0802 31.6727 23.1101 23.999 24.1076 23.5842 23.8311 
CPSI 30.76 31.49 31.23 32.09 32.3 32.08 25.94 27.03 27.17 27.77 27.69 
VST 22.6164 22.6065 22.5081 22.5081 22.8624 22.4884 23.4529 23.7383 23.1774 24.2009 23.7088 
NTLA 52.16 54.03 52.78 53.21 51.1 51.61 50.94 48.53 49.53 48.3 52.75 
KMI 16.2676 16.8305 16.4012 16.697 16.9546 17.1645 16.3344 16.7161 16.4871 16.7065 16.9164 
WSBF 16.4863 16.1353 16.3108 16.5156 16.6131 16.5838 16.3206 16.7691 16.5546 16.3401 16.0183 
DSGN 15.94 16.1 15.62 15.17 15.5 15.49 15.46 14.99 15.38 14.08 15.67 
DENN 10.72 10.82 11.16 11.36 11.33 11.22 11.62 11.53 11.78 11.9 11.91 
BCPC 139.324 138.9859 138.4889 134.0946 133.1104 136.3315 132.2454 132.7823 132.4741 140.7953 140.2088 
EVRI 19.13 18.37 17.92 18.41 19.02 16.85 16.22 17.1 17.1 16.95 17.23 
GPOR 88.92 87.82 86.28 87.62 89.51 91.78 86.26 83.22 87.14 90.1 88.24 
AAP 178.4962 171.3716 179.366 182.1611 179.6103 179.7667 152.6951 144.9451 144.1534 144.8766 146.1569 
TSE 17.9599 17.7052 17.9991 18.44 19.7922 19.4394 21.4677 23.3097 23.878 23.731 22.2221 
SIGI 92.6847 93.917 96.4613 97.475 94.9308 94.732 92.9232 92.5952 91.8598 92.3965 90.9952 
AR 36.8 34.97 33.47 33.09 35.37 35.47 35.78 35.2 36.66 36.04 35.44 
CXW 10.06 10.32 10.36 10.47 10.21 9.95 10.5 11.21 11.91 11.69 10.93 
ALGT 71.34 72.2 73 75.05 75.39 72.22 74.86 73.99 77.98 75.21 74.13 
PLTK 9.66 9.16 8.97 9.31 9.69 8.62 8.54 9.72 10.23 10.05 10.14 
ATRO 8.18 7.61 8.65 8.78 8.36 8.9 7.62 7.79 8.14 8.11 8.3 
PRGO 39.4933 39.1093 39.0306 38.6564 38.6761 32.7487 31.5868 32.3154 32.916 32.1382 32.2563 
GOOGL 100.77 99.63 99.97 101.13 102.52 104.48 94.93 92.22 96.29 94.51 90.47 
GOOG 101.39 100.29 100.53 101.48 102.97 104.93 94.82 92.6 96.58 94.66 90.5 
AMR 162.3529 160.1798 154.6607 160.9394 170.4008 171.3239 163.6509 145.4205 149.0454 148.0454 156.4395 
MGI 10.57 10.55 10.55 10.56 10.54 10.56 10.53 10.57 10.59 10.61 10.6 
CYRX 28.92 28.97 27.76 27.86 27.2 26.49 18 17.38 17.5 15.83 20.11 
BKD 4.47 4.41 4.22 4.15 4.36 4.37 4.35 4.24 4.59 4.88 4.89 
DAR 79.11 77.76 77.94 79.77 80.1 81.56 70.94 74.46 75.78 75.42 75.4 
ALE 53.6982 53.0036 54.0798 53.1699 53.395 55.9874 59.7832 59.3723 61.6817 62.799 63.3132 
UMBF 90.4341 89.5125 85.9946 86.6883 87.8774 88.5612 79.4345 76.9572 79.7615 82.4668 81.9912 
CWH 25.8678 25.9341 26.4553 26.7395 26.37 26.7111 24.257 24.5791 24.5412 25.214 25.7446 
SIX 20.96 21.2 21.16 19.92 19.14 21.73 23.6 23.59 24.01 22.96 22.22 
WWW 16.5314 16.7184 17.1907 17.5449 17.7614 11.6802 11.7688 12.5954 11.759 11.2374 10.9029 
FBK 39.0387 39.2274 39.1082 41.7101 41.4023 42.2861 39.8431 37.8768 37.1518 37.0624 37.2412 
PLCE 36.87 37.71 36.54 39.17 36.13 38.9 39.89 38.92 41.5 39.6 38.79 
PCVX 43.61 45 42.52 44.82 42.99 43.35 44.8 43.32 44.77 44.42 44.04 
SONO 15.17 16.51 17.67 17.4 17.8 16.84 17.35 17.1 17.14 17.46 17.78 
BKI 61.27 60.27 60.47 61.1 60.77 56.4 55.05 55.11 56.11 56.09 58.72 
COF 93.9533 95.2096 96.5054 100.482 100.8183 101.0261 105.9423 104.874 105.6555 102.0944 97.7518 
VRNS 26.35 27.31 26.76 27 27 26.77 17.27 17.6 17 16.01 16.59 
VCEL 26.59 26.52 24.96 24.06 23.05 17.65 22.41 23.8 23.09 23.28 22.42 
XPOF 17.5 17.52 17.6 18.41 18.01 19.89 20.75 21.71 21.95 21.48 22.16 
KNTE 8.39 8.23 8.38 8.55 8.43 8.81 9.56 9.96 10.11 9.67 8.61 
CBAN 13.3806 13.3806 13.7348 13.8725 13.6167 13.3806 13.5577 13.3314 13.3708 13.4101 13.4593 
BRO 60.9401 61.8052 62.541 60.5424 61.1788 62.7199 54.7855 55.6306 56.3763 58.3053 58.4544 
INCY 72.42 73.62 72.86 74.6 74.34 76.95 77.15 76.9 77.3 75.9 76.69 
ETWO 6.81 6.86 6.9 6.49 6.01 5.75 5.67 5.58 5.17 5.42 5.43 
MRNA 144.11 150.97 150.33 154.62 148.62 147.5 158.41 164.04 164.61 163.21 168.56 
CCK 82.8684 84.3499 82.6098 82.0629 83.465 84.5289 70.2899 69.1862 67.814 67.7246 68.2018 
NVDA 137.7014 157.433 163.2005 162.8807 166.5891 159.0323 156.7033 154.0244 153.1048 160.3118 165.1197 
IP 31.1192 32.2602 32.153 32.6113 32.3968 32.1725 32.9819 32.7771 32.6991 31.9092 31.8799 
CHRW 95.3239 95.6203 96.6081 96.5291 96.6476 87.0954 87.3918 88.8735 90.938 91.3727 89.2094 
MDGL 71.09 73.46 70.82 73.92 71.09 66.58 66.31 64.66 63.91 63.77 69.32 
BURL 156.63 149.56 150.87 157.86 157.64 189.96 195.7 196.6 195.87 192.49 195.68 
QS 7.92 7.82 8.1 8.08 9.06 8.69 8.09 8.19 8.33 8.28 8.02 
NBIX 112.59 113.99 113.85 115.57 115.12 119.36 122.06 124.11 121.82 121.05 123.9 
MTRN 83.9438 83.2357 85.5794 85.4797 85.6692 67.2388 69.6025 71.8963 73.3424 76.0551 75.4268 
FRG 28.021 28.392 28.8773 29.1627 27.7545 27.4215 23.1304 23.0447 23.7964 23.5871 25.3663 
FGEN 16.28 17.43 16.5 16.45 16.25 16.16 14.15 15.11 16.16 15.51 14.95 
SMRT 2.44 2.53 2.55 2.48 2.4 2.63 3.01 2.88 3.01 2.82 2.71 
APLS 60.49 60.66 59.25 60.05 50.42 47.62 47.11 43.99 45.09 45.15 46.88 
TRNS 79.52 80.06 80.42 80.6 82.17 82.76 72.13 71.96 72.17 74.14 74.44 
EOLS 8.5 8.3 7.72 7.59 7.72 7.78 7.07 7.5 7.47 7.36 7.54 
PLD 99.0378 101.0988 98.1502 103.7712 104.3826 100.5959 101.0396 101.651 101.937 106.8283 108.3469 
EVGO 7.5 7.25 7.51 7.41 7.35 6.87 7.12 7.21 7.06 6.83 6.47 
BLND 2.18 2.05 2 2.04 1.87 2.18 2.09 2.19 2.18 1.98 1.92 
GPMT 7.329 7.0148 6.7837 6.9963 6.7468 6.6913 5.7301 5.8503 6.0998 5.9704 5.7671 
CARG 15.17 14.13 14.47 14.19 14.21 13.76 12.67 13.98 14.68 14.02 14.54 
IMGN 6.06 5.94 5.62 5.5 5.67 5.57 5.7 5.7 5.35 5.74 5.36 
PAHC 14.0216 13.9136 14.2182 14.6505 14.5326 14.169 13.7367 13.7563 13.3731 12.9015 12.6165 
BKH 62.1903 63.4951 64.6234 64.1328 64.4174 63.8189 62.2688 63.5148 61.8077 62.6612 62.9457 
KRTX 221.89 225.07 219.34 224.34 217.66 222.45 216.01 212.41 221.07 214.75 227.44 
WHR 139.8351 135.8156 137.4741 140.5863 134.4204 128.1277 128.0204 129.6594 133.6595 131.4546 131.7375 
OSCR 3.76 3.44 3.38 3.25 3.09 3.07 2.35 2.65 2.95 2.83 2.89 
GES 18.9612 18.5118 18.2578 19.3226 19.01 19.2933 19.518 19.7134 19.6254 19.8599 20.2799 
PLUG 15.69 14.72 14.61 14.79 14.98 14.81 14.61 17.01 17.89 17.3 17.56 
BEAM 44.06 44.36 43.6 44.01 42.8 37.91 38.39 37.88 44.16 50.93 49.74 
CF 104.4583 106.0649 104.8054 105.3806 106.9079 102.3162 104.3691 104.5079 103.4468 107.7509 103.7939 
ONEW 32.85 31.955 34.55 35.37 34.18 32.98 31.54 31.53 32.11 31.71 32.38 
GNTX 24.1009 24.5074 24.9734 24.904 25.4096 26.054 26.2622 26.3217 25.5087 25.6772 26.4307 
ANIK 30.03 30.09 28.83 29.86 29.52 27.37 29.6 31.91 31.07 30.82 31.25 
IVZ 14.6148 14.3309 14.1058 14.5756 14.7322 14.7322 14.7812 14.8301 15.0846 14.9965 15.2315 
GDEN 40.91 42.36 42.22 43.38 43.15 40.92 41.79 43.86 42.83 41.91 44.22 
LCID 13.62 13.34 13.64 13.89 13.85 13.5 11.21 12.11 12.91 12.21 12.36 
CUBE 37.7298 37.3584 36.8501 38.502 38.287 38.5118 40.9261 40.9261 40.7892 38.6193 38.023 
CBRL 114.5911 111.2998 110.9384 112.1201 110.9091 96.562 94.218 93.7395 93.4367 98.7986 97.5875 
PNTG 12.31 13.05 12.85 12.83 13.28 13.55 11.77 10.82 11.95 11.85 11.31 
AMRX 2.34 2.2 2.33 2.11 2.08 2.12 2.35 2.33 2.25 2.38 2.46 
SLP 46.0076 43.7176 43.3094 44.1557 46.1967 47.2222 40.3524 42.4663 41.3795 40.3824 40.9308 
SIRI 6.1854 6.1361 6.0179 6.077 5.949 5.9687 5.9785 5.9982 6.0672 6.1854 6.2641 
INSM 18.84 18.46 17.01 17.07 17.71 16.98 17.51 17.32 17.5 17.59 17.92 
PRK 133.985 133.6905 133.72 128.7834 132.3558 135.2118 136.203 136.4974 138.2051 143.2497 144.7611 
INBK 29.7221 31.1535 31.3523 32.1873 31.9985 30.6366 24.4238 22.2468 23.7578 23.8174 24.1057 
ARQT 18.21 17.58 17.88 17.98 18.51 18.7 18.62 19.48 19.09 18.71 19.44 
SATS 18.5 18.53 18.81 18.87 18.98 19.07 17.11 17.16 17.41 17.78 17.26 
DLB 69.1342 69.8789 70.0974 70.3258 69.6307 69.2633 68.588 67.7539 69.0746 70.8024 71.5671 
SBCF 30.1258 30.2244 30.0468 29.9383 29.7014 30.0271 30.5895 30.4909 30.2935 29.9481 29.9975 
SANA 5.78 5.59 6 5.8 5.82 5.81 5 5.15 4.56 4.61 4.63 
FCX 29.1562 27.4481 28.62 28.2922 28.1631 28.9179 31.8077 30.8345 31.4502 33.1086 32.5127 
SMBC 54.4502 53.7462 53.6272 51.8125 52.7843 52.8636 48.5005 48.2525 48.5005 49.9086 50.8209 
HIBB 64.7062 66.7304 69.1615 67.6631 67.0777 59.338 66.145 63.3666 65.7084 63.8528 65.2916 
GH 47.84 47.86 49.5 49.59 45.78 45.05 47.27 47.2 44.35 41.42 49.26 
CSTR 18.8243 18.8144 19.1308 19.0814 18.9034 18.4981 18.0037 15.8336 15.5716 16.0363 16.5702 
MD 19.12 19.43 19.4 19.54 18.63 15.18 15.61 15.26 15.23 15.04 15.91 
TMUS 136.02 136.46 139.32 140.63 140.84 140.63 151 151.56 152.28 150.02 148.17 
CWK 11.53 11.66 11.55 11.71 10.85 10.6 10.59 10.78 10.52 10.37 11.33 
JLL 165.79 163.38 162.42 159.09 161.9 141.66 138.33 141.76 146.88 148.31 145.98 
RNR 142.3612 142.3014 148.0282 154.7807 154.0537 153.6652 160.5771 176.7713 182.1295 181.8706 180.526 
DM 2.48 2.49 2.49 2.39 2.39 2.19 1.93 2.16 2.19 2.46 2.33 
DHT 8.5795 8.7721 8.724 8.878 9.0995 8.9647 9.5136 9.1669 9.321 9.2343 9.3114 
BRMK 5.5366 5.451 5.2417 5.1561 5.3369 5.3559 4.6424 4.6805 4.8802 4.9754 4.8422 
MLNK 18 17.63 16.85 16.33 16.26 16.14 13.86 14.46 15.29 15.26 15.29 
AXS 50.2233 48.177 49.6429 50.4103 51.276 50.7054 49.5642 52.2106 53.7847 53.2436 53.0567 
PAYO 7.26 7.11 6.79 6.82 6.61 6.81 5.76 6.3 6.67 6.64 5.85 
MSGE 46.18 45.24 45.5 46.35 45.16 41.4 44.15 44.41 43.35 42.68 43.6 
MKL 1153.46 1157.95 1165.65 1201.58 1206.1 1207.0699 1207.25 1220.74 1211.01 1234.72 1218.9 
TH 11.85 11.72 11.61 10.72 10.97 12.15 12.9 13.52 13.52 12.83 12.88 
GE 55.0658 54.9334 54.4972 56.717 57.1376 56.8572 58.7732 59.1938 61.0086 60.6035 60.9151 
SKX 35.93 35.7 33.83 34.9 34.68 35.93 32.41 32.64 33.36 34.43 35.23 
AKRO 40.81 42.26 43.36 41.91 40.96 38.48 38.17 38.47 38.5 39.49 40.64 
REZI 22.52 22.64 22.8 23.78 23.62 23.36 15.83 15.7 16.08 16.44 15.99 
SASR 37.102 36.6215 37.4942 37.7883 37.4942 33.8075 32.5133 32.7878 33.2094 33.0918 33.9252 
ARVN 51.3 48.78 48.98 45.5 42.47 44.52 40.77 45.52 50.06 52.02 57.24 
FCPT 23.8415 23.7928 24.241 24.7282 24.962 25.0497 24.923 25.303 25.8292 25.8486 25.8779 
SSP 14.95 14.23 13.85 13.4 13.53 11.56 10.39 12.79 13.47 14.34 14.88 
GTN 14.5053 13.9342 14.8007 14.0031 13.3138 8.8332 9.2271 10.0739 9.1384 9.9361 10.2906 
GIII 21.48 21.51 21.42 21.01 21.25 21.63 11.97 12.79 12.26 13.58 13.81 
NMRK 8.5054 8.823 9.1505 9.2894 9.2696 7.9099 8.1283 8.1382 7.632 7.4435 7.7809 
OVV 50.6791 49.2755 50.5605 52.7944 54.8208 54.544 49.9674 53.2294 56.9263 55.0482 57.806 
TWKS 8.09 8.33 7.99 8.24 8.53 8.34 9.51 9.34 8.95 8.45 8.34 
NWE 50.1302 50.8734 50.5214 50.0324 51.0299 50.7756 49.4456 50.6779 52.0372 52.2524 51.6656 
BLFS 24.04 24.32 18.39 19.18 20.35 17.3 24.7 25.07 23.22 24.6 22.68 
CPK 122.4053 122.9306 125.0815 123.2874 122.8017 122.7621 108.5084 106.6251 105.3167 106.8927 106.9918 
TCBI 61.57 64.34 62.23 64.46 64.73 63.39 56.04 56.01 57.01 58.4 59.59 
TRIP 23.62 23.93 22.74 23.17 23.72 23.8 19.68 19.91 20.86 22.17 21.52 
DASH 46.34 47.06 43.53 45.1 45.12 47.61 51.57 52.1 54.53 53.25 59.46 
TGT 151.089 162.3374 171.1664 171.1071 177.8647 154.5012 161.0005 161.8651 157.0353 156.8763 162.3918 
MWA 11.5855 11.635 11.328 11.229 11.3775 11.5261 11.1894 10.8718 11.1904 11.1406 11.061 
MNTK 14.4 14.47 14.15 14.23 13.34 12.885 11.77 12.29 12.41 12.21 11.92 
DFIN 39.77 39.97 40.33 40.43 41.51 34.68 33.66 33.92 34.49 34.67 34.75 
WD 83.639 80.7416 82.683 83.4912 83.2349 75.7057 82.2889 83.7671 82.1903 83.5404 82.0622 
THRY 20.45 21.12 20.46 20.95 20.25 18.74 17.79 17.97 18.74 18.14 19.49 
ALEC 9.29 9.02 8.61 8.28 8.43 8.58 6.88 8.23 8.69 8.57 8.65 
OCUL 3.61 3.71 3.55 3.57 3.5 3.55 3.16 2.79 3.03 3.27 3.33 
XRAY 27.8133 27.8629 28.5178 30.0459 31.8022 30.1154 31.0977 30.3634 30.4527 30.8893 30.3634 
FNF 37.6163 36.5386 36.0044 37.0165 37.129 37.1946 36.2668 38.2629 39.856 37.8131 37.8318 
VICI 28.9775 29.3288 29.1727 30.0023 29.9242 30.2463 31.3589 31.2516 31.9152 31.2418 31.2223 
WLK 97.6714 97.4825 96.0417 97.4825 95.4653 92.0569 99.3805 99.1023 100.6723 96.4093 105.4819 
ETRN 7.3892 7.5105 7.5105 7.6505 7.8557 7.5233 7.6182 7.5613 7.6372 7.8557 7.8842 
EVTC 34.6537 34.833 35.8287 35.7091 35.6891 33.8543 32.4583 32.8272 33.3059 33.3458 32.4682 
ECPG 48.52 49.78 50.81 50.92 50.98 49.25 46.06 45.57 48.1 47.83 47.29 
EB 6.44 6.56 6.57 6.58 6.23 6.27 6.67 7.09 6.93 6.51 7.05 
EPRT 18.7161 19.0971 19.185 20.2302 20.113 20.2009 21.0019 21.0214 21.3145 20.6209 20.66 
TRGP 66.7843 66.3987 67.595 67.7235 66.2405 68.9 69.5723 70.5313 71.3717 67.5356 70.7785 
AZZ 38.9158 39.3302 38.6691 37.8896 38.5014 30.0058 32.8673 33.9823 33.5974 34.837 37.4054 
CVNA 14.52 14.49 13.53 15.28 13.47 14.35 8.76 7.39 7.36 7.59 9.99 
TTI 4.66 4.8 4.89 4.76 4.81 4.94 4.04 4.03 4.15 4.23 4.35 
WDC 33.47 34.86 34.92 35.29 35.28 34.34 35.5 34.37 35.695 34.58 33.71 
AMBP 4.4462 4.532 4.4653 4.2935 4.179 3.7974 3.9882 4.2363 4.1981 4.0836 4.1409 
VCSA 3.6 3.53 3.78 3.76 3.93 3.58 1.97 1.99 1.92 1.87 1.75 
APP 16.07 15.29 14.84 14.94 15.18 13.74 16.28 16.94 15.36 15.52 14.57 
LYB 80.0628 79.215 79.8094 80.1213 80.4039 75.9992 74.4986 76.467 76.2039 75.8238 81.5245 
KDNY 21.65 21.74 22.56 22.88 21.95 22.46 21.57 21.81 21.45 21.53 21.29 
CMI 235.9385 241.7153 241.4487 243.6112 238.2295 229.8458 235.3855 233.5883 236.1755 234.714 239.0985 
GT 11.69 12.13 11.92 12.23 12.52 12.7 10.81 10.11 9.9 10.22 10.32 
TRS 27.0873 28.0231 28.0928 28.3815 28.4711 22.4284 23.3045 22.747 24.4891 23.6216 23.841 
ARKO 10.1804 10.2599 10.0811 9.3163 9.6044 10.1705 9.2865 9.3163 9.4057 9.2269 9.078 
VVI 37.2 38.44 37.28 37.29 35.78 35.17 31.33 30.17 28.24 29.13 31.35 
CDRE 30.0792 29.7814 29.6027 29.0368 28.3518 28.2228 29.5232 29.2651 25.1156 25.9991 26.1977 
LVS 36.5 35.75 35.22 35.69 35.85 35.6 37.59 39.07 35.05 34.77 35.47 
STAG 27.3482 27.6307 27.7769 29.0824 29.3357 29.8229 30.9787 30.9005 31.1255 30.8222 30.6559 
ALLY 28.1406 29.2255 28.3343 29.1674 27.8112 25.6026 25.4379 25.2539 25.7479 26.271 26.3291 
CLF 15.16 14.82 15.16 16.34 15.53 14.3 14.76 13.91 13.45 12.99 13.35 
PEGA 30.9029 31.0027 31.3422 31.5219 33.2692 33.1894 36.4144 36.9037 37.1533 36.055 33.8484 
IIPR 96.5706 96.5131 100.1764 103.6672 106.899 101.9602 110.1596 107.5415 105.5756 105.0769 99.5052 
RAD 7.08 7.01 6.5 6.56 7.03 5.06 4.95 4.87 5.72 5.41 5.22 
IPI 44.17 44.7 45.26 45.25 45.27 43.07 34.24 36.21 36 36.36 33.12 
SPCE 4.51 4.66 4.62 4.79 4.53 4.58 4.92 5.21 5 4.73 5.29 
INSG 2.13 2.08 2.23 2.26 2.31 2.19 1.69 1.55 1.54 1.4 1.31 
RVNC 22.46 22.11 21.51 21.18 21.28 21.39 20.3 22.97 22.49 23.4 23.76 
CTLT 71.36 71.97 66.27 66.18 65.73 49.53 44.9 42.25 42.45 41.48 42.83 
SLM 15.1247 14.9965 15.2134 15.3712 16.1698 15.736 15.8839 16.5445 16.3571 16.5741 16.0121 
WFRD 33.21 34.1 33.73 36.35 37.75 37.35 40.43 39.99 41.2 41.68 41.53 
ALGN 204.98 198.28 207.67 211.39 217.98 221.64 181.53 188.62 194.3 193.06 179.08 
ASPN 9.54 9.07 9.38 8.99 10.66 10.96 11.37 12.11 12.68 12.15 11.9 
ADTN 22.4422 22.1748 22.1055 20.303 20.4516 20.0158 18.0152 19.2334 19.4414 19.6791 21.333 
RBLX 42.87 43.3 40.58 39.82 39.14 30.92 33.73 36.74 35.6 36.73 34.41 
NUS 37.6165 38.2933 39.3918 37.4595 38.4208 36.0078 31.1819 33.4968 34.8112 34.6248 34.8308 
SSRM 13.7727 13.0598 12.8321 13.9212 13.941 13.8123 13.644 14.9213 14.8619 14.6539 14.3668 
AGL 20.27 20.12 19.85 19.82 19.83 19.31 17.32 17.44 18.27 17.43 18.09 
DNUT 14.4343 14.0861 14.1458 14.1856 14.0961 14.4144 14.4741 14.6332 15.1505 15.5285 15.6877 
DIS 106 101.82 99.25 99.58 100.43 99.9 86.75 90.46 95.01 94.28 95.51 
NWSA 16.8811 16.3644 16.3545 16.5731 16.6128 16.9804 16.0564 17.1891 17.9442 18.0635 18.0337 
AKTS 3.19 3.17 3.12 3.45 3.6 3.57 3.85 3.76 3.68 3.6 3.57 
VNDA 10.47 10.37 10.61 10.47 10.64 10.31 10.13 10.53 10.62 10.42 10.42 
RYI 33.5813 33.71 32.888 33.2247 32.9673 31.3036 24.1833 26.5204 25.8965 26.2332 24.8765 
OPEN 2.65 2.69 2.59 2.44 2.29 2.34 2.02 1.735 1.64 1.51 1.91 
APLE 16.4504 16.5952 15.6491 15.5236 15.6491 15.6395 15.2243 14.9637 15.7746 15.9001 15.6298 
STEL 28.1359 28.4034 29.0276 29.2257 29.9192 31.2665 32.5346 33.4362 33.4164 34.09 35.5761 
TRNO 54.4578 54.8425 56.4703 56.3717 56.4802 55.2273 54.438 54.5564 55.8093 55.7502 54.9313 
ARWR 30.72 29.84 29.55 29.4 29.5 28 29.99 32.2 32.02 33.93 31.82 
FNKO 20.46 20.64 20.65 20.76 19.39 19.5 7.92 10.19 10.25 9.81 9.83 
CACC 458.69 458.7 455.79 471.42 465.62 471.84 437.31 445.13 442.76 440.94 449.34 
DSKE 5.57 5.49 5.36 5.66 5.44 5.53 6.11 5.97 6.55 6.61 6.06 
KMX 79.77 79.49 79.97 81.15 86.42 65.16 66.02 67.74 68.45 66.71 65.39 
RDNT 17.86 17.34 16.86 17.33 17.08 15.17 16.17 16.59 16.29 16.99 16.53 
ATUS 6.17 6.5 6.66 6.61 6.7 6.26 4.44 4.73 4.69 4.67 4.46 
MAXR 21.7168 22.5063 22.3265 22.3664 20.9273 20.5076 22.7262 24.5151 24.4951 23.8155 26.2141 
ROIC 13.7973 13.3371 13.3763 13.6211 13.8071 14.2282 14.0225 14.0323 14.1303 14.1792 14.2967 
NOV 19.8856 21.5468 21.9348 22.1736 22.3228 22.5018 21.4673 22.283 22.3825 21.7259 22.7008 
STEM 13.49 13.38 13.6 13.6 11.72 11.91 11.89 11.32 11.59 11.68 13.41 
BYND 14.75 14.36 13.91 13.3 13.02 11.82 14.2 15.22 15.54 15.78 14.49 
CCI 126.1073 128.15 124.7586 129.9581 130.3588 127.7395 123.9279 120.7906 119.6764 123.5662 125.4037 
ELS 59.3088 60.4338 59.5555 60.7792 59.289 61.7561 61.2035 57.9568 57.3548 57.6016 57.5917 
XRX 14.4336 14.7621 14.7234 15.5156 15.3707 13.2163 13.9892 14.1728 13.9119 14.1341 14.5882 
NBR 120.07 126.83 129.66 132 133.03 137.43 168.2 163.56 169.8 174.03 171.67 
PLTR 8.79 8.65 8.22 8.08 7.93 7.02 7.21 6.98 7.64 8.41 8.1 
CLDT 12.9058 12.3923 11.9973 12.0368 11.9381 12.2837 11.9085 12.7182 12.9255 12.6688 12.6194 
EXPI 12.498 12.7955 13.0336 13.103 13.1625 11.6796 11.3573 11.2085 11.1093 11.4366 11.0299 
FPI 13.0996 13.2678 13.0996 13.0006 13.2777 13.3272 13.99 13.9604 13.8515 14.0593 13.8614 
KAMN 32.5428 32.1209 32.69 33.9065 31.4931 31.6696 21.2799 19.7101 19.7788 20.3871 20.1222 
PLMR 82.41 83.72 85.23 88.96 89.39 85.35 64.41 67.5 67.83 67.5 67.81 
PETS 20.674 21.2364 21.0425 20.7516 21.634 20.7225 19.3649 19.491 20.7807 20.6158 20.0437 
SEM 24.8958 25.5592 25.4305 25.8761 24.4402 23.5094 22.836 22.2517 21.7863 21.2614 23.648 
SPB 49.9563 47.9269 49.6903 49.247 48.9711 47.0304 47.6511 47.9959 49.1189 49.4766 48.5725 
GMRE 8.1634 8.3351 8.5926 8.7166 8.6593 8.316 8.583 8.4686 8.6784 8.5735 8.5449 
NRG 43.414 43.0522 42.4069 42.6611 43.3651 44.206 43.2673 41.7029 44.0887 44.3918 42.8762 
CTO 17.8198 18.1076 18.4049 19.153 19.1913 19.2585 19.6133 19.2776 19.5846 19.2489 19.2872 
BNL 16.3859 16.4827 16.7922 16.5794 16.7051 15.9893 15.8346 16.0474 15.9797 16.1248 16.1828 
ITOS 18.59 18.72 18.69 19.07 18.5 20.56 21.49 20.91 20.68 21.6 21.17 
FCEL 3.65 3.72 3.71 3.51 3.26 2.65 2.7 2.6 2.67 2.57 2.55 
LASR 10.72 11.42 10.77 10.89 10.64 10.58 9.42 9.9 9.95 9.81 10.53 
SSTI 37.31 35.1 34.41 34.52 35.1 34.9 35.23 36.55 34.82 33.88 34.53 
LXU 16.42 16.01 16.49 16.67 17.63 17.66 16.64 16.29 16.59 14.3 13.84 
NFE 49.671 50.1996 50.8558 52.7151 53.4898 50.1449 44.9864 45.3692 46.1166 45.3966 44.9409 
DNA 2.39 2.54 2.3 2.64 2.85 2.68 2.67 2.32 2.15 2.19 2.09 
PGR 121.7427 121.7826 123.55 123.2704 121.2234 122.2419 115.7214 119.4161 120.0851 121.0237 118.6871 
LUMN 7.06 6.97 7.34 7.36 7.43 7.05 5.8 5.92 6.04 6.34 6.33 
AAT 25.6561 24.9642 25.1689 25.5781 26.0458 26.9228 26.9325 26.494 26.7376 26.7766 27.2931 
WSR 8.7678 8.8455 8.9329 9.195 9.1368 9.127 8.737 8.6005 9.049 8.9222 8.9418 
PK 12.5073 12.4784 12.5846 12.6329 12.7198 12.1113 11.5801 11.4932 11.5222 11.416 11.1359 
FLS 26.4712 27.1226 27.3398 27.5569 28.307 28.307 27.478 27.4977 27.8629 29.5704 30.6166 
AVO 14.82 15.05 15.65 15.51 15.12 14.61 12.39 11.65 11.74 11.75 11.62 
HYLN 2.8 2.73 2.7 2.83 2.76 2.65 2.42 2.72 3.08 3.02 3.1 
ALEX 18.5338 18.8365 19.022 19.0318 18.5436 18.4264 19.6372 19.2857 19.52 18.7193 20.0962 
CHCT 31.9741 32.0523 32.6285 33.5367 33.7906 33.3902 34.1031 33.8199 34.4645 34.4742 34.2692 
AHCO 22.95 22.15 21.34 22.09 21.06 20.61 20.72 22.61 22.83 21.93 21.94 
MEG 45.2 43.72 43.42 42.49 40.35 40.49 37.87 46 47.9 47.51 49.68 
MGTX 6.97 6.82 6.88 6.9 6.68 6.43 6.19 6.29 6.26 6.15 5.88 
KAR 13.88 13.95 14.17 14.47 14.53 14.84 13.41 13.26 13.63 13.28 13.14 
UE 13.7642 13.8914 13.8131 13.8327 13.5099 13.5001 14.0968 14.0283 14.0968 13.9305 14.7034 
RBBN 2.42 2.5 2.69 2.71 2.77 2.84 2.79 2.71 2.65 2.6 2.5 
PRCH 1.4 1.42 1.55 1.58 1.49 1.44 0.946 0.995 1.02 1.4 1.58 
OPI 13.0845 13.2713 13.4488 14.0185 13.9064 13.9998 14.2613 14.2893 14.3173 14.2053 13.9998 
FRPT 57.68 59.05 58.86 59.54 58.95 59.42 63.12 66.46 67.26 66.06 67.82 
INVH 32.0128 32.0522 32.6038 32.3871 33.4509 33.1455 30.5845 31.5301 31.2149 31.1755 30.9884 
SBAC 245.9088 255.1153 257.2827 258.7342 268.4477 268.3383 274.1644 266.7973 268.736 270.7344 275.5364 
NSA 40.0729 40.248 41.5809 41.503 41.4349 38.205 36.483 36.8819 36.4927 36.4441 36.4052 
NSTG 10.46 10.7 9.4 9.6 9.62 9.22 6.22 5.86 7.32 8.29 7.67 
TUP 6.97 7.02 7.42 7.73 7.73 4.51 4.4 4.02 5.06 5.55 4.69 
ARNC 21.34 20.6 20.79 20.73 20.76 20.89 18.92 18.89 19.66 19.68 19.36 
CVT 5.5 5.82 5.85 5.7 5.36 5.11 5.43 5.87 5.85 5.81 5.82 
VERU 5.42 5.52 5.68 5.48 5.5 5.82 5.66 5.57 5.83 5.47 5.37 
CRMT 65 70.48 74.93 68.55 70.45 65.66 67.01 70.01 69.32 71.81 72.27 
BDN 5.9137 5.8021 6.0439 5.8765 5.6626 5.7091 5.8672 5.8114 5.9974 6.0067 5.9974 
INVA 13.15 13.06 12.98 13.03 13.05 12.92 13.71 13.62 13.39 13.39 13.16 
ALNY 192.98 198.88 195.85 198.56 201.02 194 204.51 207.26 213.12 214.35 215.72 
ATNI 37.5257 37.8722 38.199 37.7237 38.2386 38.8426 39.8327 42.4862 42.6942 44.5556 44.2189 
GNL 11.3398 11.4903 11.5185 11.5749 11.3398 11.7159 11.8946 12.092 12.1109 11.7535 12.1579 
HR 19.2558 19.2655 19.6146 19.1589 18.9746 18.6353 20.08 19.8376 19.3319 19.5386 19.1153 
CHRS 8.76 8.53 8 7.77 7.82 7.99 7.01 7.83 7.79 7.94 7.96 
RLJ 11.7578 11.9059 11.975 12.0145 12.1034 11.3629 11.2642 11.2445 11.1359 11.1655 10.9187 
PECO 29.1255 29.4499 29.6268 29.7841 28.8601 29.0076 30.3149 30.0004 29.8824 29.4204 31.1504 
PSTL 14.9717 14.9908 14.9908 15.0482 14.9813 15.0004 15.1055 15.2775 15.3793 15.0884 15.1272 
WKHS 2.71 2.65 2.6 2.74 2.76 2.79 2.67 2.74 2.81 2.7 2.83 
PEB 15.3967 15.6963 15.9259 16.2155 16.1556 16.2854 16.2554 16.0158 16.1955 15.2569 14.8775 
FLR 29.94 30.26 30.97 29.77 29.9 31.73 33.97 33.86 32.11 33.76 33.47 
WOW 14.27 13.79 13.71 14.03 13.39 11.2 10.37 9.84 10.09 10.58 11.61 
TPIC 9.67 9.54 9.96 10.08 9.69 10 10.5 10.09 9.85 9.94 11.84 
APPN 47.78 49.7 48.82 50.38 47.48 47.24 38.43 35.85 35 36.36 39.75 
NTST 17.1273 17.421 17.2741 17.8715 17.8617 18.0967 18.1849 18.4297 18.5863 18.4199 18.2534 
SUPN 34.31 34.34 34.31 34 34.72 34.7 32.68 34.27 35.03 34.5 34 
CVGW 34.2615 34.152 33.5345 32.8174 34.0524 33.7336 28.8833 29.9987 29.5008 29.1024 28.9928 
NOVA 15.9 15.44 15.76 15.67 17.03 16.96 18.67 17.66 18.54 18.7 17.74 
SLG 35.4642 36.028 36.2817 37.2966 36.8737 34.9943 35.436 35.0507 35.5957 37.2966 37.2778 
DK 29.2143 30.0417 29.0271 30.2978 30.7804 33.1148 32.9276 31.7949 32.4549 33.1542 32.6026 
PDM 10.168 10.0147 10.1967 10.0147 10.1009 9.8805 9.6792 9.8517 9.8805 9.6601 9.6122 
BALY 21.38 22.55 22.54 23.17 20.89 20.03 20.88 22.12 21.9 21.07 23.01 
DEA 16.221 16.3176 16.5012 16.82 16.8006 15.9022 15.9698 15.2935 15.6896 15.6993 15.4578 
IVT 23.4771 23.4574 23.8011 24.4197 24.7437 24.9106 23.7324 23.3789 24.7142 25.3525 24.8124 
PMT 10.8121 11.2805 11.4398 11.8521 11.8052 11.8427 13.0513 12.9951 12.8358 12.6484 12.6484 
AIRC 36.512 37.1858 37.5276 37.5666 36.6389 36.2288 36.1312 35.7015 35.4183 35.0082 37.3323 
UUUU 7.3 7.2 7.01 6.63 6.7 6.91 7.2 7.52 6.97 7.39 7.7 
FSLR 118.72 122.6 124.57 127.145 131.4 131.18 132.67 145.57 148.57 150.07 157.73 
WELL 60.0012 59.0772 57.8583 57.4061 59.9127 60.414 65.3781 65.3682 68.8677 70.3618 69.0937 
NXRT 40.6233 38.9744 39.3572 39.8184 40.1129 45.0006 43.7542 45.1969 45.2558 44.7553 45.4914 
BBBY 7.09 6.67 6.37 6.38 6.46 6.19 6.09 5.99 6.53 5.97 5.87 
XHR 16.488 16.5766 16.7734 16.8128 16.8325 14.5586 13.8696 14.1846 14.0271 14.1747 13.7908 
PGRE 6.2042 6.2333 6.4174 6.495 6.5241 6.4465 6.2333 6.3302 6.272 6.2139 6.1363 
BHF 57.07 57.71 56.37 54.04 56.04 56.44 52.24 50.29 53.93 54.52 54.02 
AMRS 2.94 2.75 2.88 2.78 2.58 2.59 1.515 1.84 2.21 2.4 2.41 
CAKE 32.3867 32.7513 34.1208 35.6776 35.2835 33.6282 31.8842 32.7907 33.2735 33.0075 33.3228 
CSR 65.7949 68.3659 66.6616 67.392 67.4699 67.4894 65.3079 63.3018 61.4904 61.0326 60.2146 
COLD 23.3887 23.8612 23.871 24.1565 23.8021 23.6151 27.2277 28.0054 28.5862 27.6904 29.1276 
CTOS 6.94 6.7 6.66 6.8 6.77 6.81 5.75 6.16 6.05 6.42 6.35 
SWX 70.1263 68.7721 69.0469 67.8202 66.1912 62.8742 64.2972 65.2098 62.7913 64.6637 64.6737 
HPP 10.1834 10.2304 10.4281 10.3904 10.4469 10.334 10.1363 10.381 10.2775 10.381 9.9669 
PTRA 5.68 5.74 5.9 6.24 6.34 5.87 5.63 6.2 6.15 5.96 5.71 
CMAX 6.52 6.23 6.08 5.89 5.87 5.7 5.72 5.45 4.57 4.93 5.03 
CARS 13.06 13.49 13.88 13.82 12.88 14.04 14.85 15.03 14.98 14.16 15.06 
PRA 22.0363 21.5689 21.4197 21.6783 22.3147 22.2849 19.4707 19.5403 19.8187 19.4209 19.7491 
VTNR 8.64 8.31 8.72 8.9 8.5 8.96 7.87 8.95 8.95 8.14 8.33 
TMST 17.24 17.35 17.44 17.78 16.54 16.3 18.55 18.89 18.87 17.53 19.08 
PGEN 1.64 1.7 1.62 1.59 1.6 1.47 1.78 1.84 1.89 1.95 1.83 
SRPT 114.31 111.74 115.28 114.02 114.08 113.42 105.01 103.63 100.39 105.16 103.94 
PLYM 17.9633 18.2858 18.0219 18.0708 17.7874 18.3835 18.5497 19.3413 19.1849 18.9699 20.1818 
EVCM 7.98 8.11 7.86 8.07 7.86 8.3 6.95 7.2 6.85 6.87 6.85 
STRO 7.74 7.32 7.37 7.34 7.53 7.15 7.34 7.37 7.25 7.64 7.33 
TWOU 6.19 6.23 5.98 6.35 5.95 6.36 6.36 6.75 8.76 8.46 7.35 
SGRY 28.15 25.37 25.69 26 25.25 24.64 22.3 28.89 29.78 28.02 29 
NG 4.3 4.54 4.66 4.69 4.93 5.06 4.75 4.75 4.56 4.52 4.52 
AVA 38.8731 38.8828 39.4887 40.1825 40.0946 36.8014 36.0392 35.6874 36.2737 36.0294 35.746 
ANAB 29.6 29.22 29.9 29.67 29.09 29.57 29.29 30.5 30.97 30.22 29.96 
TTCF 4.41 4.1 4.4 3.75 3.39 3.35 2.74 2.4 2.26 1.93 1.71 
CCOI 50.5264 51.8257 50.9142 51.9323 51.1275 52.2329 52.2426 51.8935 52.6401 53.2122 55.675 
SBRA 13.0218 12.9741 12.6691 12.8025 13.0695 13.0981 11.3536 11.6348 12.4498 12.6119 12.0495 
ICPT 14 14.34 14.02 14.33 13.87 15.73 15.51 15.07 14.87 15.32 15.44 
ASLE 20.35 19.39 18.85 18.95 18.5 19 17.15 17.77 17.62 17 17.75 
RCM 17.71 17.37 14.77 14.84 14.75 7.41 6.9 7.4 8.55 8.5 9.07 
CCO 1.39 1.31 1.35 1.27 1.21 1.08 0.96 1.15 1.13 1.11 1.33 
QRTEA 2.45 2.34 2.43 2.25 2.26 1.78 1.82 1.9 1.64 1.88 1.92 
FLYW 21.24 20.03 18.8 18.28 17.91 18.09 18.98 22.04 22.02 22.47 23.92 
CNX 17.81 17.68 17.68 18.26 18.19 16.45 16.34 16.81 17.03 17.14 17.38 
CEG 95.0389 92.6212 93.9345 93.845 93.0291 87.0991 86.9101 94.6608 91.8451 93.5857 93.1672 
USM 30.37 31.22 31.17 30.78 31.16 31.05 24.09 22.84 21.94 21.81 23.01 
NVAX 22 20.5 20.17 19.4 19.43 19.65 18.63 22.14 25.04 23.08 23.22 
IAC 50.72 48.04 45.46 45.26 45.92 44.82 43.87 47.18 50.51 49.87 50.97 
URG 1.26 1.34 1.27 1.31 1.29 1.27 1.19 1.17 1.24 1.32 1.35 
BHR 4.6971 4.6874 4.6874 4.8043 4.7556 4.3755 3.7616 3.7324 3.6057 3.5862 3.4985 
LRN 46.14 46.48 46.43 46.56 46.33 46.51 32.86 32.52 33.16 33.51 33.92 
SHEN 20.5002 21.3864 22.4019 22.5612 22.392 19.1661 18.27 19.19 17.91 17.97 17.53 
ANGO 20.57 20.46 20.41 21.45 21.55 17.34 15.9 14.38 13.37 14.05 14.79 
MSTR 268.69 272.72 270.56 279.99 267.51 257.2 248.23 248.44 277.1 266.64 211.84 
WRLD 101 105.47 101.66 104.37 103.38 75.47 77.39 81.22 79.23 74.22 71.47 
PRTA 59.7 62.24 61.44 63.45 59.84 57.69 54.56 55.78 55.92 52.05 57.12 
GEVO 2.29 2.16 2.25 2.26 2.29 2.23 1.81 2.11 2.41 2.37 2.47 
IRBT 56.53 55.45 55.01 54.55 55.65 53.88 53.66 53.45 53.4 52.67 52.67 
CDE 3.6 3.56 3.99 4.05 4.32 3.97 3.85 3.5 3.58 3.54 3.41 
SENS 1.23 1.16 1.19 1.18 1.24 1.2 1.03 1.16 1.24 1.24 1.25 
BE 18.56 18.52 18.71 18.27 17.33 17.23 19.24 19.41 19.49 18.26 21.65 
CENTA 40.53 41.98 41.56 41.71 41.81 41.94 38.24 38.01 38.04 38.23 38.42 
CENT 42.81 44.37 44.06 44.27 44.34 44.57 40.45 40.04 40.27 40.29 40.41 
UPST 22.17 20.43 19.77 19.37 18.62 19.04 17.06 21.7 22.54 20.56 21.64 
UNIT 7.0447 7.1755 7.2502 7.2222 6.699 6.2692 6.3159 6.5121 6.4934 6.2412 6.9606 
UBER 28.36 28.2 27.82 27.5 26.57 29.75 28.81 28.73 28.39 27.69 27.44 
IMAX 13.56 13.51 13.91 13.48 13.53 12.73 12.73 12.61 12.19 13.21 13.78 
HLX 4.37 4.44 4.57 4.68 4.74 4.8 5.18 6.16 6.33 6.5 7 
GLDD 7.6 7.69 7.61 7.71 7.56 7.8 7.1 7.01 6.79 6.83 6.75 
RKT 6.35 6.71 6.9 6.91 6.61 6.51 6.31 6.36 6.57 6.51 7.32 
DHC 1.1715 1.1715 1.2691 1.3277 1.3277 1.318 1.152 1.1715 1.2496 1.2301 1.1422 
ILPT 5.0415 5.0019 4.9821 5.0714 5.0515 5.2202 4.7736 4.7836 4.7935 4.6446 4.7637 
BATRK 31.94 31.16 31.56 30.64 30.64 30.28 31 30.81 30.66 31.68 30.06 
MYGN 19.56 20.06 20.2 20.86 20.74 17.5 16.3 15.78 16.54 16.29 18 
CCL 8.95 8.9 9.22 9.83 9.16 7.03 6.85 7.76 7.43 6.98 6.76 
TELL 2.63 2.56 2.59 2.7 2.74 2.72 3.03 2.99 3.05 2.94 2.61 
AA 39.6875 40.703 38.184 39.2095 39.5381 37.4571 38.7416 40.8823 39.0004 41.3104 42.4654 
EVA 56.1417 56.7784 57.174 57.7336 57.859 57.5696 57.8204 58.052 58.3221 57.5599 55.3988 
VSAT 41.45 40.17 38.85 38.15 36.8 36.78 29.68 32.84 34.05 35.87 35.95 
GPRE 27.6 28.87 28.89 29.08 27.66 31.27 31.3 32.88 33.09 31.48 35.16 
LNC 50.0362 50.5572 52.1299 51.9755 52.0623 50.2677 33.6051 33.2095 32.0903 33.306 31.6561 
BW 4.34 4.1 4.02 4.1 4.37 4.26 4.44 4.78 4.87 5.23 5.21 
CELH 86.65 88.88 86.24 87 82.36 78.65 89.21 93.35 91.16 98.37 100.67 
MGM 34.3276 34.4976 35.9575 35.5676 35.9375 35.1076 31.4078 33.8377 34.1877 34.4876 33.5577 
TNDM 55.76 53.95 56.1 56.15 56 51.34 36.77 35.72 38.37 37.12 36 
GSAT 1.93 2.03 2.17 2.28 2.17 2.2 2.03 2 1.94 1.85 1.96 
CYH 2.31 2.38 2.05 2.08 2.12 2.3 2.9 3.03 2.87 3.26 2.96 
MFA 8.9234 9.3332 9.2773 9.296 9.0538 8.8675 9.4823 9.4823 9.5102 9.4357 10.2368 
MRSN 7.86 7.76 7.44 7.63 7.54 6.64 6.71 6.13 6.94 6.94 7.03 
EBS 20.92 20.08 19.53 19.96 20.3 19.73 12.85 15 15.74 13.45 13.31 
TPC 6.9 7.01 7.36 7.42 7.46 6.99 7.41 7.38 7.77 7.52 7.1 
BA 138.39 139.13 141.32 142.05 146.65 133.79 139.76 143.84 142.51 143.38 147.41 
